%YAML:1.0
R: !!opencv-matrix
   rows: 3
   cols: 3
   dt: d
   data: [0.999245920199899, -0.00361739347363608, 0.0386588337681694, 0.00349000170806528, 0.999988257480888, 0.00336225942118817, -0.0386705424313619, -0.00322480461339324, 0.999246811244984]
T: !!opencv-matrix
   rows: 3
   cols: 1
   dt: d
   data: [-243.499955427082, 0.443863822184579, 5.78172861081119]