%YAML:1.0
M1: !!opencv-matrix
   rows: 3
   cols: 3
   dt: d
   data: [872.258560024957, 0, 1015.99970631543, 0, 875.754348455637, 511.518021896597, 0, 0, 1]
D1: !!opencv-matrix
   rows: 4
   cols: 1
   dt: d
   data: [-0.330273995560434, 0.124918658826171, 0, 0]
M2: !!opencv-matrix
   rows: 3
   cols: 3
   dt: d
   data: [872.602564475405, 0, 971.416821394705, 0, 873.207762533311, 493.741502824659, 0, 0, 1]
D2: !!opencv-matrix
   rows: 4
   cols: 1
   dt: d
   data: [-0.318383606794716, 0.105136107188774, 0, 0]